 10  KST  MAK  BFI  BBG  TWU  PFH  PALB  RSTMIN  WP_BFW  F_BFW    %laubwald
   0.  3  1  14  0.8  3  10  1  1  1  1
   1.  2  1  0  0.75  1  1  0.2  100  0.05  30
  75.  2  1  0.1  0.75  1  1  0.2  100  0.05  30
 105.  2  1  0.36  0.75  1  1  0.2  100  0.05  30
 135.  2  1  0.72  0.81  1  1  0.2  100  0.05  30
 165.  2  1  0.93  0.94  1  1  0.2  100  0.05  30
 195.  2  1  1  1  1  1  0.2  100  0.05  30
 225.  2  1  0.93  1  1  1  0.2  100  0.05  30
 255.  2  1  0.78  1  1  1  0.2  100  0.05  30
 285.  2  1  0.36  1  1  1  0.2  100  0.05  30
 315.  2  1  0.1  0.94  1  1  0.2  100  0.05  30
 366.  2  1  0  0.75  1  1  0.2  100  0.05  30
