29.05.2016 00:00:00.00         60.0    3.3333333333E-06
#  Startdatum              [min] -> [s]  [mm/5min] -> [m/s]
      0.0000000          0.000
      5.0000000          0.000
     10.0000000          0.000
     15.0000000          0.000
     20.0000000          0.000
     25.0000000          0.000
     30.0000000          0.000
     35.0000000          0.000
     40.0000000          0.000
     45.0000000          0.000
     50.0000000          0.000
     55.0000000          0.000
     60.0000000          0.000
     65.0000000          0.000
     70.0000000          0.000
     75.0000000          0.000
     80.0000000          0.000
     85.0000000          0.000
     90.0000000          0.000
     95.0000000          0.000
    100.0000000          0.000
    105.0000000          0.000
    110.0000000          0.000
    115.0000000          0.000
    120.0000000          0.000
    125.0000000          0.000
    130.0000000          0.000
    135.0000000          0.000
    140.0000000          0.000
    145.0000000          0.000
    150.0000000          0.000
    155.0000000          0.000
    160.0000000          0.000
    165.0000000          0.000
    170.0000000          0.000
    175.0000000          0.000
    180.0000000          0.000
    185.0000000          0.000
    190.0000000          0.005
    195.0000000          0.025
    200.0000000          0.007
    205.0000000          0.000
    210.0000000          0.000
    215.0000000          0.000
    220.0000000          0.000
    225.0000000          0.000
    230.0000000          0.002
    235.0000000          0.027
    240.0000000          0.036
    245.0000000          0.006
    250.0000000          0.002
    255.0000000          0.000
    260.0000000          0.000
    265.0000000          0.000
    270.0000000          0.000
    275.0000000          0.036
    280.0000000          0.036
    285.0000000          0.001
    290.0000000          0.000
    295.0000000          0.000
    300.0000000          0.000
    305.0000000          0.000
    310.0000000          0.000
    315.0000000          0.000
    320.0000000          0.000
    325.0000000          0.000
    330.0000000          0.000
    335.0000000          0.000
    340.0000000          0.000
    345.0000000          0.000
    350.0000000          0.000
    355.0000000          0.000
    360.0000000          0.000
    365.0000000          0.000
    370.0000000          0.000
    375.0000000          0.000
    380.0000000          0.000
    385.0000000          0.000
    390.0000000          0.000
    395.0000000          0.000
    400.0000000          0.000
    405.0000000          0.000
    410.0000000          0.000
    415.0000000          0.000
    420.0000000          0.000
    425.0000000          0.000
    430.0000000          0.000
    435.0000000          0.000
    440.0000000          0.000
    445.0000000          0.000
    450.0000000          0.000
    455.0000000          0.000
    460.0000000          0.000
    465.0000000          0.000
    470.0000000          0.000
    475.0000000          0.000
    480.0000000          0.000
    485.0000000          0.000
    490.0000000          0.000
    495.0000000          0.000
    500.0000000          0.000
    505.0000000          0.000
    510.0000000          0.000
    515.0000000          0.000
    520.0000000          0.000
    525.0000000          0.000
    530.0000000          0.000
    535.0000000          0.000
    540.0000000          0.000
    545.0000000          0.000
    550.0000000          0.000
    555.0000000          0.000
    560.0000000          0.000
    565.0000000          0.000
    570.0000000          0.000
    575.0000000          0.000
    580.0000000          0.000
    585.0000000          0.000
    590.0000000          0.000
    595.0000000          0.000
    600.0000000          0.000
    605.0000000          0.000
    610.0000000          0.000
    615.0000000          0.000
    620.0000000          0.000
    625.0000000          0.000
    630.0000000          0.000
    635.0000000          0.000
    640.0000000          0.000
    645.0000000          0.000
    650.0000000          0.000
    655.0000000          0.000
    660.0000000          0.000
    665.0000000          0.000
    670.0000000          0.000
    675.0000000          0.000
    680.0000000          0.000
    685.0000000          0.000
    690.0000000          0.000
    695.0000000          0.000
    700.0000000          0.000
    705.0000000          0.000
    710.0000000          0.000
    715.0000000          0.000
    720.0000000          0.000
    725.0000000          0.000
    730.0000000          0.000
    735.0000000          0.000
    740.0000000          0.000
    745.0000000          0.000
    750.0000000          0.000
    755.0000000          0.000
    760.0000000          0.000
    765.0000000          0.000
    770.0000000          0.000
    775.0000000          0.000
    780.0000000          0.000
    785.0000000          0.000
    790.0000000          0.000
    795.0000000          0.000
    800.0000000          0.000
    805.0000000          0.000
    810.0000000          0.000
    815.0000000          0.000
    820.0000000          0.000
    825.0000000          0.000
    830.0000000          0.000
    835.0000000          0.000
    840.0000000          0.000
    845.0000000          0.000
    850.0000000          0.000
    855.0000000          0.000
    860.0000000          0.000
    865.0000000          0.000
    870.0000000          0.000
    875.0000000          0.000
    880.0000000          0.000
    885.0000000          0.000
    890.0000000          0.000
    895.0000000          0.000
    900.0000000          0.000
    905.0000000          0.000
    910.0000000          0.000
    915.0000000          0.000
    920.0000000          0.000
    925.0000000          0.000
    930.0000000          0.000
    935.0000000          0.000
    940.0000000          0.000
    945.0000000          0.000
    950.0000000          0.088
    955.0000000          0.209
    960.0000000          1.049
    965.0000000          1.394
    970.0000000          0.963
    975.0000000          0.363
    980.0000000          0.156
    985.0000000          0.063
    990.0000000          0.105
    995.0000000          0.159
   1000.0000000          0.307
   1005.0000000          0.442
   1010.0000000          1.813
   1015.0000000          1.779
   1020.0000000          1.910
   1025.0000000          2.676
   1030.0000000          3.261
   1035.0000000          3.620
   1040.0000000          5.597
   1045.0000000          5.162
   1050.0000000          5.979
   1055.0000000          5.651
   1060.0000000          6.342
   1065.0000000          6.506
   1070.0000000          7.011
   1075.0000000          9.527
   1080.0000000          6.094
   1085.0000000          1.615
   1090.0000000          0.136
   1095.0000000          0.322
   1100.0000000          0.597
   1105.0000000          0.507
   1110.0000000          0.184
   1115.0000000          0.500
   1120.0000000          0.538
   1125.0000000          0.367
   1130.0000000          0.443
   1135.0000000          1.351
   1140.0000000          2.085
   1145.0000000          0.820
   1150.0000000          0.694
   1155.0000000          1.213
   1160.0000000          1.328
   1165.0000000          1.284
   1170.0000000          1.467
   1175.0000000          1.206
   1180.0000000          1.370
   1185.0000000          1.183
   1190.0000000          1.210
   1195.0000000          1.101
   1200.0000000          0.785
   1205.0000000          0.372
   1210.0000000          0.263
   1215.0000000          0.136
   1220.0000000          0.099
   1225.0000000          0.077
   1230.0000000          0.135
   1235.0000000          0.118
   1240.0000000          0.083
   1245.0000000          0.021
   1250.0000000          0.004
   1255.0000000          0.000
   1260.0000000          0.002
   1265.0000000          0.000
   1270.0000000          0.000
   1275.0000000          0.000
   1280.0000000          0.001
   1285.0000000          0.035
   1290.0000000          0.136
   1295.0000000          0.171
   1300.0000000          0.156
   1305.0000000          0.134
   1310.0000000          0.111
   1315.0000000          0.130
   1320.0000000          0.205
   1325.0000000          0.275
   1330.0000000          0.350
   1335.0000000          0.370
   1340.0000000          0.259
   1345.0000000          0.212
   1350.0000000          0.232
   1355.0000000          0.294
   1360.0000000          0.313
   1365.0000000          0.286
   1370.0000000          0.255
   1375.0000000          0.186
   1380.0000000          0.179
   1385.0000000          0.238
   1390.0000000          0.252
   1395.0000000          0.249
   1400.0000000          0.296
   1405.0000000          0.372
   1410.0000000          0.337
   1415.0000000          0.207
   1420.0000000          0.167
   1425.0000000          0.164
   1430.0000000          0.112
   1435.0000000          0.100
   1440.0000000          0.000
