8
1  Pelosol  0-12 cm
1  800   1. 1.  5.e-3   0.5 0.34 0.11    20. 0.70  0.050    1. 1. 1.
1.55e-06  0.46  0.06  0.40  1.47  -6.  5. 1.564e03 0.8
 0.   0.   0.
 0.   0.   0.
 5.e-7  0.   0.
2  Pelosol   12-60 cm
1  800   1. 1.  5.e-3   0.5 0.34 0.11    20. 0.70  0.050    1. 1. 1.
2.08e-06 0.46  0.06  0.76  1.32  -6.  5. 1.564e03 0.8
 0.   0.   0.
 0.   0.   0.
 5.e-7  0.   0.
3 Pelosol  60-95 cm  
1  800   1. 1.  5.e-5   0.5 0.34 0.11    20. 0.70  0.050    1. 1. 1.
1.14e-06  0.44  0.06  0.62  1.38  -3.  5. 1.564e03 0.8
 0.   0.   0.
 0.   0.   0.
 5.e-7  0.   0. 
4 Renzina   0-12 cm
1  800   1. 1.  5.e-3   0.5 0.34 0.11    20. 0.70  0.050    1. 1. 1.
1.55e-06  0.46  0.10  0.40  1.47  -7.  4. 1.723e03 0.8
 0.   0   0.
 0.   0.0557   0.
 5.e-7  5.e-7   0.
5 Renzina 12-60 cm
1  800   1. 1.  5.e-3   0.5 0.34 0.11    20. 0.70  0.050    1. 1. 1.
1.44e-06  0.43  0.11  0.53  1.39  -8.  3. 1.723e03 0.8
 0.   0   0.
 0.   0.0557   0.
 5.e-7  5.e-7   0.
6 Renzina. 60-95 cm
1  800   1. 1.  5.e-3   0.5 0.34 0.11    20. 0.70  0.050    1. 1. 1.
2.08e-06  0.40  0.04  0.76  1.32  -6.  5. 1.723e03 0.8
 0.   0   0.
 0.   0.0557   0.
 5.e-7  5.e-7   0.
7  Pseudogley. 0-60 cm
1 800 1.00 1.00 5e-3 0.50 0.34 0.11 20.00 0.70 0.05 1. 1. 1.
1.44e-06  0.40  0.04  0.53  1.39  -6.  5. 1.564e03 0.8
0. 0. 0.
0. 0. 0.
5.e-10 0. 0.
8  Pseudogley 60-95 cm
1 800 1.00 1.00 5e-2 0.5 0.34 0.11 20.00 0.70 0.05 1. 1. 1.
2.08e-06  0.40  0.04  0.76  1.32  -6.  5. 1.564e03 0.8
0. 0. 0.
0. 0. 0.
1.e-8 0. 0